
1054001
1054002
1054003
1054004

1054010
1054011
1054012
1054013
1054014
1054015
1054016
1054017
1054018
1054019
1054020
1054021
1054022
1054023
1054024
1054025
1054026
1054027
1054028
1054029
1054030
1054031
1054032
1054033
1054034

1054036
1054037
1054038

1054040
1054041
1054042
1054043

1054045
1054046
1054047
1054048
1054049
1054050
1054051
1054052
1054053
1054054
1054055
1054056
1054057

1054059
1054060
1054061
1054062
1054063
1054064
1054065

1054067
1054068
1054069
1054070
1054071
1054072
1054073
1054074
1054075


1054078
1054079
1054080
1054081
1054082
1054083
1054084
1054085
1054086
1054087
1054088
1054089
1054090
1054091
1054092